#time top.output
0 0
0.02 0
0.04 0
0.06 0
0.08 0
0.1 0
0.12 0.0146586
0.14 0.0341815
0.16 0.053681
0.18 0.0731572
0.2 0.0926101
0.22 0.11204
0.24 0.131231
0.26 0.150042
0.28 0.16845
0.3 0.186454
0.32 0.204057
0.34 0.22126
0.36 0.238065
0.38 0.254482
0.4 0.270517
0.42 0.286179
0.44 0.301477
0.46 0.316419
0.48 0.331013
0.5 0.345267
0.52 0.359188
0.54 0.372786
0.56 0.386067
0.58 0.399038
0.6 0.411708
0.62 0.424082
0.64 0.436168
0.66 0.447973
0.68 0.459503
0.7 0.470764
0.72 0.481764
0.74 0.492507
0.76 0.503
0.78 0.513249
0.8 0.523259
0.82 0.533037
0.84 0.542587
0.86 0.551915
0.88 0.561025
0.9 0.569924
0.92 0.578616
0.94 0.587105
0.96 0.595398
0.98 0.603497
1 0.611408
1.02 0.619135
1.04 0.626683
1.06 0.634055
1.08 0.641255
1.1 0.648289
1.12 0.655159
1.14 0.661869
1.16 0.668423
1.18 0.674826
1.2 0.681079
1.22 0.687187
1.24 0.693154
1.26 0.698982
1.28 0.704674
1.3 0.710235
1.32 0.715666
1.34 0.720972
1.36 0.726154
1.38 0.731216
1.4 0.736161
1.42 0.740991
1.44 0.745709
1.46 0.750318
1.48 0.75482
1.5 0.759217
1.52 0.763513
1.54 0.767709
1.56 0.771808
1.58 0.775812
1.6 0.779724
1.62 0.783544
1.64 0.787277
1.66 0.790923
1.68 0.794485
1.7 0.797964
1.72 0.801363
1.74 0.804683
1.76 0.807927
1.78 0.811096
1.8 0.814191
1.82 0.817215
1.84 0.820169
1.86 0.823055
1.88 0.825875
1.9 0.828629
1.92 0.83132
1.94 0.833949
1.96 0.836517
1.98 0.839026
2 0.841477
2.02 0.843872
2.04 0.846212
2.06 0.848497
2.08 0.850731
2.1 0.852912
2.12 0.855044
2.14 0.857127
2.16 0.859162
2.18 0.86115
2.2 0.863092
2.22 0.86499
2.24 0.866845
2.26 0.868657
2.28 0.870427
2.3 0.872157
2.32 0.873847
2.34 0.875499
2.36 0.877112
2.38 0.878689
2.4 0.88023
2.42 0.881736
2.44 0.883207
2.46 0.884645
2.48 0.88605
2.5 0.887422
2.52 0.888764
2.54 0.890075
2.56 0.891356
2.58 0.892608
2.6 0.893832
2.62 0.895028
2.64 0.896196
2.66 0.897338
2.68 0.898455
2.7 0.899546
2.72 0.900612
2.74 0.901654
2.76 0.902673
2.78 0.903668
2.8 0.904641
2.82 0.905592
2.84 0.906522
2.86 0.907431
2.88 0.908319
2.9 0.909187
2.92 0.910036
2.94 0.910866
2.96 0.911677
2.98 0.91247
3 0.913245
3.02 0.914003
3.04 0.914744
3.06 0.915469
3.08 0.916177
3.1 0.916869
3.12 0.917546
3.14 0.918208
3.16 0.918856
3.18 0.919489
3.2 0.920108
3.22 0.920713
3.24 0.921305
3.26 0.921884
3.28 0.92245
3.3 0.923003
3.32 0.923545
3.34 0.924074
3.36 0.924592
3.38 0.925099
3.4 0.925594
3.42 0.926079
3.44 0.926553
3.46 0.927017
3.48 0.927471
3.5 0.927914
3.52 0.928349
3.54 0.928774
3.56 0.929189
3.58 0.929596
3.6 0.929994
3.62 0.930383
3.64 0.930764
3.66 0.931137
3.68 0.931502
3.7 0.93186
3.72 0.932209
3.74 0.932551
3.76 0.932886
3.78 0.933214
3.8 0.933535
3.82 0.933849
3.84 0.934157
3.86 0.934458
3.88 0.934753
3.9 0.935041
3.92 0.935324
3.94 0.935601
3.96 0.935872
3.98 0.936137
4 0.936397
4.02 0.936652
4.04 0.936901
4.06 0.937146
4.08 0.937385
4.1 0.93762
4.12 0.937849
4.14 0.938074
4.16 0.938295
4.18 0.938511
4.2 0.938723
4.22 0.938931
4.24 0.939134
4.26 0.939334
4.28 0.939529
4.3 0.939721
4.32 0.939909
4.34 0.940093
4.36 0.940274
4.38 0.940451
4.4 0.940625
4.42 0.940795
4.44 0.940962
4.46 0.941126
4.48 0.941287
4.5 0.941445
4.52 0.9416
4.54 0.941752
4.56 0.941901
4.58 0.942047
4.6 0.942191
4.62 0.942332
4.64 0.94247
4.66 0.942606
4.68 0.94274
4.7 0.942871
4.72 0.942999
4.74 0.943126
4.76 0.94325
4.78 0.943372
4.8 0.943492
4.82 0.943609
4.84 0.943725
4.86 0.943839
4.88 0.94395
4.9 0.94406
4.92 0.944168
4.94 0.944274
4.96 0.944379
4.98 0.944481
5 0.944582
5.02 0.944681
5.04 0.944779
5.06 0.944875
5.08 0.94497
5.1 0.945063
5.12 0.945154
5.14 0.945244
5.16 0.945333
5.18 0.94542
5.2 0.945506
5.22 0.945591
5.24 0.945674
5.26 0.945756
5.28 0.945837
5.3 0.945917
5.32 0.945995
5.34 0.946072
5.36 0.946149
5.38 0.946224
5.4 0.946298
5.42 0.946371
5.44 0.946443
5.46 0.946514
5.48 0.946584
5.5 0.946653
5.52 0.946721
5.54 0.946788
5.56 0.946854
5.58 0.94692
5.6 0.946985
5.62 0.947048
5.64 0.947111
5.66 0.947174
5.68 0.947235
5.7 0.947296
5.72 0.947355
5.74 0.947415
5.76 0.947473
5.78 0.947531
5.8 0.947588
5.82 0.947644
5.84 0.9477
5.86 0.947755
5.88 0.94781
5.9 0.947864
5.92 0.947917
5.94 0.94797
5.96 0.948022
5.98 0.948074
6 0.948125
6.02 0.948176
6.04 0.948226
6.06 0.948275
6.08 0.948324
6.1 0.948373
6.12 0.948421
6.14 0.948469
6.16 0.948516
6.18 0.948563
6.2 0.948609
6.22 0.948655
6.24 0.9487
6.26 0.948745
6.28 0.94879
6.3 0.948834
6.32 0.948878
6.34 0.948922
6.36 0.948965
6.38 0.949008
6.4 0.94905
6.42 0.949093
6.44 0.949134
6.46 0.949176
6.48 0.949217
6.5 0.949258
6.52 0.949298
6.54 0.949339
6.56 0.949379
6.58 0.949418
6.6 0.949458
6.62 0.949497
6.64 0.949536
6.66 0.949574
6.68 0.949613
6.7 0.949651
6.72 0.949689
6.74 0.949726
6.76 0.949764
6.78 0.949801
6.8 0.949838
6.82 0.949874
6.84 0.949911
6.86 0.949947
6.88 0.949983
6.9 0.950019
6.92 0.950055
6.94 0.95009
6.96 0.950125
6.98 0.950161
7 0.950195
7.02 0.95023
7.04 0.950265
7.06 0.950299
7.08 0.950333
7.1 0.950367
7.12 0.950401
7.14 0.950435
7.16 0.950468
7.18 0.950502
7.2 0.950535
7.22 0.950568
7.24 0.950601
7.26 0.950634
7.28 0.950667
7.3 0.950699
7.32 0.950731
7.34 0.950764
7.36 0.950796
7.38 0.950828
7.4 0.95086
7.42 0.950892
7.44 0.950923
7.46 0.950955
7.48 0.950986
7.5 0.951017
7.52 0.951049
7.54 0.95108
7.56 0.951111
7.58 0.951141
7.6 0.951172
7.62 0.951203
7.64 0.951233
7.66 0.951264
7.68 0.951294
7.7 0.951325
7.72 0.951355
7.74 0.951385
7.76 0.951415
7.78 0.951445
7.8 0.951474
7.82 0.951504
7.84 0.951534
7.86 0.951563
7.88 0.951593
7.9 0.951622
7.92 0.951652
7.94 0.951681
7.96 0.95171
7.98 0.951739
8 0.951768
8.02 0.951797
8.04 0.951826
8.06 0.951855
8.08 0.951883
8.1 0.951912
8.12 0.951941
8.14 0.951969
8.16 0.951998
8.18 0.952026
8.2 0.952054
8.22 0.952083
8.24 0.952111
8.26 0.952139
8.28 0.952167
8.3 0.952195
8.32 0.952223
8.34 0.952251
8.36 0.952279
8.38 0.952307
8.4 0.952335
8.42 0.952362
8.44 0.95239
8.46 0.952417
8.48 0.952445
8.5 0.952472
8.52 0.9525
8.54 0.952527
8.56 0.952555
8.58 0.952582
8.6 0.952609
8.62 0.952636
8.64 0.952663
8.66 0.95269
8.68 0.952717
8.7 0.952744
8.72 0.952771
8.74 0.952798
8.76 0.952825
8.78 0.952852
8.8 0.952879
8.82 0.952906
8.84 0.952932
8.86 0.952959
8.88 0.952985
8.9 0.953012
8.92 0.953038
8.94 0.953065
8.96 0.953091
8.98 0.953118
9 0.953144
9.02 0.95317
9.04 0.953197
9.06 0.953223
9.08 0.953249
9.1 0.953275
9.12 0.953301
9.14 0.953328
9.16 0.953354
9.18 0.95338
9.2 0.953406
9.22 0.953432
9.24 0.953457
9.26 0.953483
9.28 0.953509
9.3 0.953535
9.32 0.953561
9.34 0.953586
9.36 0.953612
9.38 0.953638
9.4 0.953664
9.42 0.953689
9.44 0.953715
9.46 0.95374
9.48 0.953766
9.5 0.953791
9.52 0.953817
9.54 0.953842
9.56 0.953867
9.58 0.953893
9.6 0.953918
9.62 0.953943
9.64 0.953969
9.66 0.953994
9.68 0.954019
9.7 0.954044
9.72 0.954069
9.74 0.954094
9.76 0.954119
9.78 0.954144
9.8 0.954169
9.82 0.954194
9.84 0.954219
9.86 0.954244
9.88 0.954269
9.9 0.954294
9.92 0.954319
9.94 0.954344
9.96 0.954369
9.98 0.954393
10 0.954418
10.02 0.954443
10.04 0.954467
10.06 0.954492
10.08 0.954517
10.1 0.954541
10.12 0.954566
10.14 0.95459
10.16 0.954615
10.18 0.954639
10.2 0.954664
10.22 0.954688
10.24 0.954712
10.26 0.954737
10.28 0.954761
10.3 0.954786
10.32 0.95481
10.34 0.954834
10.36 0.954858
10.38 0.954883
10.4 0.954907
10.42 0.954931
10.44 0.954955
10.46 0.954979
10.48 0.955003
10.5 0.955027
10.52 0.955051
10.54 0.955075
10.56 0.955099
10.58 0.955123
10.6 0.955147
10.62 0.955171
10.64 0.955195
10.66 0.955219
10.68 0.955243
10.7 0.955266
10.72 0.95529
10.74 0.955314
10.76 0.955338
10.78 0.955361
10.8 0.955385
10.82 0.955409
10.84 0.955432
10.86 0.955456
10.88 0.95548
10.9 0.955503
10.92 0.955527
10.94 0.95555
10.96 0.955574
10.98 0.955597
11 0.955621
11.02 0.955644
11.04 0.955667
11.06 0.955691
11.08 0.955714
11.1 0.955737
11.12 0.955761
11.14 0.955784
11.16 0.955807
11.18 0.95583
11.2 0.955854
11.22 0.955877
11.24 0.9559
11.26 0.955923
11.28 0.955946
11.3 0.955969
11.32 0.955992
11.34 0.956015
11.36 0.956038
11.38 0.956061
11.4 0.956084
11.42 0.956107
11.44 0.95613
11.46 0.956153
11.48 0.956176
11.5 0.956199
11.52 0.956222
11.54 0.956245
11.56 0.956267
11.58 0.95629
11.6 0.956313
11.62 0.956336
11.64 0.956358
11.66 0.956381
11.68 0.956404
11.7 0.956426
11.72 0.956449
11.74 0.956471
11.76 0.956494
11.78 0.956517
11.8 0.956539
11.82 0.956562
11.84 0.956584
11.86 0.956607
11.88 0.956629
11.9 0.956651
11.92 0.956674
11.94 0.956696
11.96 0.956718
11.98 0.956741
